80010
80043
80092
80117
80134
80137
80179
80196
80199
80214
80249
80268
80287
80345
80351
80360
80373
80396
80405
80417
80429
80441
80444
80452
80487
80500
80505
80537
80557
80575
80578
80586
80603
80606
80632
80660
80686
80688
80693
80703
80765
80772
80801
80814
80837
80854
80889
80898
80910
80941
80955
80976
80993
81002
81007
81016
81028
81040
81043
81047
81068
81093
81125
81151
81162
81172
81178
81222
81233
81265
81287
81303
81319
81323
81353
81355
81381
81387
81407
81409
81456
81462
81468
81506
81528
81544
81582
81618
81633
81644
81650
81659
81676
81705
81729
81736
81757
81774
81826
81861
81865
81870
81876
81890
81900
81903
81909
81939
81943
81946
81949
81964
81970
81973
81982
81989
81992
82021
82039
82042
82051
82092
82096
82105
82111
82138
82199
82208
82217
82226
82232
82270
82272
82290
82311
82316
82336
82347
82359
82361
82364
82373
82412
82423
82426
82431
82458
82467
82470
82475
82489
82497
82521
82537
82545
82565
82582
82587
82593
82602
82610
82645
82647
82693
82754
82773
82793
82796
82820
82825
82828
82873
82877
82914
82920
82935
82938
82970
82982
83039
83077
83080
83086
83103
83147
83169
83207
83210
83253
83296
83301
83308
83313
83328
83347
83372
83393
83395
83398
83401
83423
83435
83454
83513
83525
83570
83580
83592
83604
83621
83635
83657
83660
83666
83705
83719
83764
83767
83770
83788
83797
83815
83826
83832
83835
83891
83902
83964
83972
83987
84002
84038
84053
84059
84064
84067
84069
84096
84139
84163
84165
84166
84168
84171
84174
84203
84258
84279
84308
84332
84356
84365
84385
84418
84421
84440
84451
84473
84476
84496
84521
84569
84594
84612
84670
84685
84688
84714
84717
84743
84746
84774
84809
84816
84824
84832
84885
84891
84923
84951
84970
85028
85063
85083
85086
85091
85101
85139
85162
85165
85184
85189
85192
85236
85258
85270
85369
85397
85412
85478
85494
85518
85582
85588
85610
85640
85652
85670
85679
85701
85706
85712
85724
85780
85817
85822
85850
85876
85890
85960
85983
86002
86017
86142
86162
86188
86196
86199
86249
86257
86265
86270
86284
86295
86332
86437
86514
86600
86626
86681
86698
86729
86735
86746
86769
86786
86801
86853
86868
86880
86962
86972
87012
87039
87045
87048
87135
87141
87189
87272
87285
87300
87319
87416
87418
87424
87436
87467
87501
87516
87581
87590
87601
87679
87696
87751
87825
87842
87872
87878
87884
87890
87902
87905
87933
88023
88031
88049
88067
88149
88187
88342
88389
88428
88431
88437
88448
88478
88499
88529
88586
88596
88605
88611
88621
88661
88677
88683
88728
88746
88763
88773
88794
88800
88812
88833
88839
88841
88853
88872
88875
88902
88910
88935
88947
88974
88995
89035
89075
89086
89118
89124
89127
89132
89143
89146
89158
89175
89181
89201
89204
89266
89284
89294
89364
89377
89383
89451
89463
89467
89508
89525
89592
89618
89638
89647
89650
89653
89667
89672
89683
89707
89710
89713
89719
89731
89771
89786
89789
89801
89816
89834
89850
89853
89878
89892
89921
89953
89963
90003
90063
90066
90091
90172
90175
90220
90236
90322
90334
90384
90428
90445
90488
90508
90517
90561
90613
90666
90676
90683
90686
90705
90729
90745
90754
90761
90768
90780
90798
90821
90834
90849
90933
90975
91025
91042
91074
91082
91104
91152
91174
91241
91262
91338
91364
91422
91460
91466
91502
91535
91538
91583
91589
91609
91689
91709
91717
91765
91771
91800
91806
91845
91849
91861
91897
91939
91956
91978
92004
92009
92043
92051
92056
92062
92083
92092
92098
92127
92136
92159
92168
92196
92226
92278
92292
92312
92315
92362
92383
92430
92465
92480
92503
92512
92524
92545
92571
92574
92590
92734
92760
92772
92804
92848
92878
92893
92899
92915
92927
92930
92933
92962
93017
93020
93028
93051
93054
93060
93077
93116
93122
93172
93186
93201
93220
93239
93267
93276
93277
93279
93289
93290
93291
93298
93324
93327
93370
93376
93435
93445
93502
93533
93613
93620
93644
93656
93714
93740
93771
93779
93849
93867
93870
93900
93936
93952
93957
93960
93969
93977
94016
94091
94094
94108
94113
94116
94144
94155
94193
94222
94225
94236
94239
94270
94288
94310
94351
94357
94366
94421
94427
94433
94445
94460
94488
94504
94510
94516
94539
94545
94561
94564
94572
94593
94632
94643
94645
94680
94682
94694
94697
94703
94706
94728
94749
94794
94797
94812
94827
94836
94845
94850
94870
94882
94885
94930
94962
94965
94980
94986
94995
95004
95007
95010
95018
95021
95030
95044
95046
95069
95116
95120
95155
95172
95190
95196
95205
95214
95237
95254
95272
95292
95318
95359
95367
95381
95401
95409
95423
95435
95438
95446
95460
95463
95469
95478
95481
95498
95501
95504
95513
95523
95529
95535
95551
95564
95570
95581
95599
95624
95685
95702
95713
95730
95733
95745
95751
95757
95774
95785
95791
95800
95829
95862
95874
95915
95933
95942
95951
95957
95981
95989
95992
96001
96027
96030
96036
96039
96056
96062
96149
96163
96166
96169
96172
96204
96207
96215
96221
96227
96259
96262
96285
96293
96313
96340
96351
96362
96368
96412
96420
96423
96450
96465
96485
96488
96526
96531
96534
96559
96562
96623
96659
96662
96667
96698
96742
96805
96832
96837
96840
96854
96857
96860
96879
96888
96902
96907
96955
97004
97064
97075
97081
97087
97098
97127
97148
97186
97195
97218
97226
97231
97236
97239
97248
97251
97257
97265
97297
97335
97412
97415
97424
97450
97456
97519
97528
97537
97543
97559
97565
97568
97623
97626
97631
97657
97709
97724
97762
97767
97776
97777
97811
97820
97829
97857
97972
97975
97991
97994
98003
98011
98014
98021
98052
98099
98102
98111
98117
98164
98177
98201
98210
98222
98236
98262
98272
98288
98290
98339
98340
98367
98368
98378
98398
98408
98416
98422
98425
98432
98458
98464
98495
98505
98535
98538
98544
98551
98557
98567
98568
98574
98582
98585
98603
98639
98672
98751
98754
98831
98836
98849
98871
98951
98961
98967
98973
98997
99044
99179
99219
99331
99349
99374
99399
99408
99410
99419
99426
99464
99489
99518
99530
99575
99578
99587
99601
99619
99622
99631
99690
99706
99722
99725
99793
99795
99800
99812
99844
99914
99917
99923
99938
99943
99955
99988
100003
100053
100056
100061
100070
100174
100230
100263
100269
100284
100333
100355
100381
100398
100491
100522
100536
100544
100547
100639
100660
100686
100691
100694
100697
100700
100719
100725
100734
100755
100764
100843
100876
100889
100895
100898
100939
100963
100971
100974
101001
101024
101027
101060
101089
101116
101182
101187
101221
101227
101236
101268
101299
101301
101311
101330
101336
101386
101394
101410
101434
101501
101522
101536
101550
101590
101592
101598
101615
101621
101624
101633
101642
101668
101674
101686
101689
101775
101824
101827
101904
101979
101982
101988
102001
102020
102065
102093
102102
102120
102159
102174
102188
102206
102229
102237
102255
102264
102288
102294
102321
102335
102407
102431
102440
102446
102452
102455
102461
102473
102515
102545
102595
102633
102649
102730
102733
102755
102760
102802
102811
102829
102854
102860
102863
102866
102868
102892
102930
102948
102966
103029
103079
103106
103109
103123
103131
103134
103192
103201
103246
103260
103263
103308
103322
103356
103367
103373
103392
103459
103462
103463
103478
103501
103511
103581
103584
103590
103612
103632
103635
103642
103653
103665
103679
103682
103717
103725
103729
103730
103776
103793
103799
103802
103862
103937
104004
104007
104076
104081
104118
104127
104142
104156
104158
104167
104191
104207
104210
104212
104213
104232
104263
104265
104271
104287
104290
104327
104342
104358
104366
104375
104388
104401
104404
104445
104448
104476
104496
104525
104566
104617
104626
104661
104755
104836
104842
104872
104902
104910
104922
104930
104933
104944
104956
104965
104971
104999
105024
105027
105033
105045
105051
105054
105068
105071
105074
105080
105089
105091
105094
105095
105103
105106
105109
105124
105168
105185
105353
105370
105376
105379
105405
105408
105422
105479
105490
105522
105567
105576
105617
105636
105672
105673
105707
105712
105737
105744
105814
105839
105860
105913
105916
105919
105927
105933
105968
106086
106090
106123
106128
106187
106195
106216
106222
106246
106291
106331
106360
106369
106371
106390
106399
106402
106405
106422
106446
106449
106455
106476
106477
106478
106482
106488
106497
106515
106550
106587
106607
106612
106615
106642
106645
106676
106682
106717
106727
106736
106769
106777
106794
106800
106808
106811
106825
106833
106838
106842
106852
106856
106864
106892
106914
107030
107059
107109
107123
107168
107171
107188
107189
107205
107226
107238
107274
107282
107283
107340
107394
107428
107456
107498
107500
107522
107591
107610
107617
107631
107689
107707
107736
107753
107773
107808
107841
107843
107864
107894
107918
107950
107972
108088
108105
108141
108159
108189
108202
108211
108228
108286
108315
108363
108375
108400
108408
108431
108468
108473
108483
108507
108519
108525
108537
108563
108594
108661
108671
108701
108736
108748
108758
108772
108778
108784
108787
108793
108906
108912
108919
108949
108952
108955
108969
109001
109037
109077
109083
109097
109106
109138
109207
109213
109222
109233
109270
109278
109306
109309
109333
109346
109373
109422
109446
109464
109493
109496
109505
109528
109549
109560
109568
109569
109572
109588
109593
109600
109604
109605
109607
109637
109640
109645
109647
109669
109673
109701
109714
109722
109822
109841
109882
109897
109908
109917
109919
109980
110051
110133
110153
110177
110196
110197
110198
110199
110200
110202
110211
110220
110241
110247
110269
110289
110292
110304
110333
110345
110348
110414
110425
110441
110447
110475
110481
110509
110512
110515
110590
110634
110654
110736
110763
110769
110939
110957
110961
110967
111001
111012
111021
111062
111180
111189
111230
111272
111282
111287
111308
111378
111390
111422
111540
111558
111631
111639
111695
111852
111853
111887
111960
112003
112022
112031
112046
112061
112064
112083
112126
112135
112158
112182
112200
112203
112237
112243
112246
112269
112273
112287
112290
112344
112350
112355
112391
112405
112414
112417
112420
112446
112503
112533
112596
112597
112601
112624
112631
112633
112635
112679
112700
112703
112712
112758
112775
112783
112792
112802
112807
112809
112824
112892
112913
112925
112939
112952
112967
112971
113017
113037
113051
113054
113102
113105
113111
113135
113158
113166
113169
113174
113187
113196
113220
113223
113265
113306
113309
113312
113318
113343
113375
113398
113417
113433
113454
113457
113463
113489
113492
113504
113523
113529
113532
113540
113551
113570
113582
113585
113633
113683
113702
113729
113744
113753
113774
113777
113782
113788
113822
113863
113866
113875
113886
113917
113944
113952
113971
113973
113976
114007
114051
114054
114087
114182
114185
114188
114191
114194
114226
114237
114243
114261
114269
114284
114289
114298
114304
114307
114312
114315
114321
114326
114332
114368
114402
114412
114430
114433
114445
114509
114560
114578
114589
114634
114705
114734
114738
114785
114796
114800
114815
114824
114870
114918
114921
114935
114953
114956
114987
114990
114996
114999
115023
115032
115051
115057
115082
115096
115100
115149
115170
115178
115247
115288
115297
115306
115309
115317
115320
115327
115338
115346
115509
115535
115541
115544
115565
115574
115585
115591
115621
115639
115656
115659
115667
115670
115695
115749
115755
115772
115783
115789
115799
115800
115801
115802
115803
115854
115863
115872
115901
115912
115969
115999
116022
116034
116042
116046
116060
116064
116074
116119
116128
116136
116147
116165
116210
116226
116244
116250
116258
116261
116267
116270
116276
116279
116360
116361
116370
116371
116373
116375
116399
116474
116504
116576
116585
116591
116630
116639
116648
116672
116696
116702
116744
116753
116810
116812
116816
116883
117000
117027
117036
117102
117117
117129
117135
117147
117150
117153
117171
117174
117180
117182
117256
117277
117292
117295
117409
117466
117499
117511
117517
117526
117562
117628
117643
117673
117676
117700
117718
117751
117796
117808
117847
117880
117883
117892
117895
117937
117976
117985
118009
118021
118027
118033
118057
118090
118099
118105
118141
118144
118150
118159
118165
118225
118231
118240
118243
118249
118273
118276
118294
118321
118330
118342
118345
118372
118390
118408
118465
118468
118513
118630
118678
118708
118717
118720
118741
118759
118768
118771
118807
118831
118858
118861
118885
118912
118918
118924
118936
118942
118951
118972
118978
118987
118996
119005
119023
119044
119077
119080
119116
119149
119179
119182
119188
119200
119203
119206
119212
119317
119320
119329
119431
119452
119464
119512
119554
119569
119704
119713
119731
119743
119881
119890
119917
119932
120007
120019
120043
120052
120088
120094
120172
120175
120178
120202
120220
120271
120277
120292
120304
120325
120331
120346
120349
120385
120391
120394
120400
120403
120412
120421
120451
120499
120514
120562
120583
120613
120628
120682
120696
120752
120815
120839
120850
120874
120902
120923
120925
120956
120957
120976
120983
120990
120991
120992
121001
121002
121011
121024
121028
121035
121042
121050
121061
121076
121085
121111
121112
121120
121320
121350
121380
121386
121401
121407
121419
121440
121443
121491
121506
121542
121566
121596
121605
121623
121647
121668
121685
122115
122118
122145
122148
122154
122157
122163
122211
122241
122250
122271
122277
122310
122346
122352
122358
122388
122415
122437
122442
122457
122472
122475
122480
122485
122490
122497
122505
122506
122512
122531
122534
122549
122591
122603
122615
122618
122621
122690
122693
122699
122726
122759
122762
122786
122819
122828
122840
122870
122879
122882
122883
122889
122895
122904
122907
122910
122911
122912
122913
122916
122920
124959
124986
125115
125124
125139
125151
125157
125181
125205
125214
125241
125250
125253
125280
125313
125337
125340
125346
125406
125454
125469
125478
125506
125508
125509
125512
125521
125524
125526
125553
125554
125555
125556
125558
126158
126164
126176
126197
126236
126272
126281
126293
126302
126323
126338
126344
126350
126356
126359
126371
126377
126389
126395
126513
126517
126532
126549
126553
126585
126594
126603
126651
126654
126663
126678
126696
126699
126705
126738
126780
126786
126807
126813
126816
126852
126882
126903
126912
126918
126921
126930
126987
127008
127011
127029
127035
127056
127065
127076
127082
127119
127128
127158
127188
127272
127275
127278
127341
127350
127353
127371
127374
127389
127398
127407
127431
127439
127446
127448
127453
127503
127527
127530
127542
127557
127569
127596
127617
127623
127641
127662
127668
127680
127692
127701
127725
127752
127779
127797
127806
127827
127881
127896
127899
127923
127929
127959
127977
128001
128016
128019
128025
128037
128043
128079
128106
128127
128154
128169
128190
128208
128211
128235
128307
128313
128367
128424
128475
128481
128508
128556
128598
128601
128613
128625
128655
128664
128679
128688
128709
128721
128727
128730
128739
128751
128754
128778
128793
128805
128814
128865
128892
128898
128907
128913
128919
128940
128949
128979
128991
128997
129000
129042
129084
129129
129150
129153
129167
129215
129223
129230
129237
129238
129242
129247
129248
129264
129265
129302
129308
129322
129335
129336
129348
129405
129423
129432
129486
129495
129504
129513
129531
129612
129615
129624
129651
129654
129669
129684
129717
129747
129774
129780
129798
129822
129834
129844
129858
129865
129872
129876
129885
129886
129920
129965
130010
130028
130040
130064
130067
130088
130094
130127
130142
130154
130169
130211
130232
130265
130271
130277
130319
130322
130328
130332
130353
130396
130417
130423
130435
130438
130450
130468
130477
130480
130507
130537
130555
130573
130576
130597
130648
130687
130696
130735
130759
130774
130780
130810
130837
130838
130861
130896
130986
131001
131004
131010
131031
131037
131055
131061
131067
131076
131082
131094
131103
131109
131133
131136
131139
131145
131172
131193
131199
131205
131279
131309
131327
131336
131360
131384
131399
131405
131423
131444
131447
131450
131456
131510
131534
131543
131546
131567
131612
131622
131624
131627
131666
131690
131768
131780
131783
131795
131798
131852
131903
131909
132011
132035
132071
132083
132095
132107
132112
132119
132131
132133
132164
132218
132224
132287
132293
132296
132305
132347
132350
132380
132401
132419
132470
132503
132521
132554
132590
132645
132656
132658
132665
132672
132731
132734
132746
132752
132779
132800
132827
132866
132869
132947
132950
132981
133007
133020
133021
133067
133073
133079
133091
133136
133142
133151
133175
133214
133228
133229
133240
134758
134773
134803
134827
134851
134860
134875
134941
135034
135067
135070
135097
135127
135130
135202
135217
135250
135358
135373
135379
135484
135538
135559
135568
135598
135640
135684
135700
136013
138518
138605
138608
138776
138812
138929
138932
138956
138989
139010
139046
139070
139100
139109
139151
139154
139166
139184
139281
139299
139307
139427
139445
139505
139520
139601
