80208
80225
80265
80402
80498
80698
80796
80886
80964
81401
81560
81598
81662
81751
81840
81852
81906
81934
82003
82063
82087
82161
82164
82175
82186
82293
82383
82464
82492
82548
82579
82613
82663
82668
82784
82867
82870
82887
82962
83013
83021
83044
83068
83188
83247
83260
83429
83480
83501
83522
83531
83540
83556
83612
83648
83691
83978
84044
84050
84098
84103
84118
84156
84159
84320
84352
84354
84382
84394
84412
84485
84508
84615
84664
84673
84695
84758
84761
84769
84942
84948
84967
84973
85005
85054
85057
85069
85133
85178
85181
85212
85242
85289
85392
85433
85464
85475
85481
85483
85530
85533
85568
85715
85743
85768
85788
85803
85806
85820
85862
86023
86061
86076
86201
86212
86287
86383
86389
86473
86707
86847
86856
86914
86932
87021
87064
87105
87122
87195
87215
87222
87325
87328
87333
87339
87346
87413
87449
87457
87470
87495
87530
87538
87610
87655
87659
87670
87705
87764
87789
87795
87930
87965
87987
88013
88055
88064
88092
88120
88123
88162
88184
88190
88209
88229
88241
88254
88283
88434
88451
88461
88486
88618
88657
88672
88702
88806
88844
89063
89170
89226
89248
89297
89306
89514
89627
89821
89823
89826
89898
89906
90027
90050
90060
90077
90113
90195
90367
90395
90406
90479
90514
90538
90555
90736
90765
90791
90815
90825
90865
90892
90946
90964
91059
91121
91332
91393
91413
91434
91544
91726
91753
91759
91820
91848
91924
91933
91970
92077
92155
92267
92287
92321
92474
92521
92637
92669
92743
92845
92860
92896
92947
93009
93063
93068
93119
93127
93147
93161
93209
93242
93248
93280
93282
93292
93309
93321
93336
93341
93362
93368
93399
93428
93463
93517
93520
93542
93659
93664
93683
93723
93726
93767
93811
93828
93914
94019
94022
94028
94363
94415
94424
94474
94555
94677
94903
95001
95072
95092
95138
95362
95375
95415
95518
95619
95627
95670
96077
96958
97109
97453
97556
97600
97646
97770
98008
98138
98370
98433
98452
98622
98699
98718
98726
98736
98777
98897
98934
98989
99047
99091
99125
99173
99226
99242
99442
99500
99637
99737
99744
99747
99750
99762
99853
99862
99975
100091
100346
100710
100840
100884
101048
101324
101408
101480
101504
101645
101796
101863
102073
102131
102240
102258
102309
102340
102428
102467
102476
102488
102509
102616
102660
102718
102895
102958
102980
103097
103171
103305
103432
103537
103547
103595
103618
103773
103779
103786
103922
104019
104059
104100
104121
104137
104261
104310
104459
104555
104558
104631
104753
104770
104776
104797
104821
104830
104888
105060
105107
105112
105118
105135
105170
105301
105365
105394
105400
105445
105467
105496
105517
105573
105667
105747
105759
105767
105781
105848
105979
106071
106140
106176
106208
106273
106282
106304
106425
106568
106573
106691
106707
106785
106791
106880
106946
107041
107055
107165
107217
107334
107366
107369
107383
107483
107516
107536
107547
107582
107672
107692
107872
107926
107968
108071
108074
108082
108219
108343
108358
108384
108495
108620
108692
108698
108713
108909
108983
109094
109127
109130
109164
109181
109194
109204
109235
109267
109295
109388
109413
109443
109469
109481
109488
109494
109539
109606
109646
109675
109717
109726
109729
109730
109735
109773
109780
109802
109935
109960
110023
110036
110039
110045
110056
110097
110100
110165
110235
110507
110531
110586
110629
110689
110724
110727
110742
110780
110800
110833
111113
111183
111346
111349
111401
111463
111475
111506
111520
111712
111766
111769
111789
111839
111869
111906
112121
112123
112160
112235
112299
112326
112429
112564
112580
112634
112658
112688
112709
112755
112793
112904
113011
113028
113034
113108
113113
113127
113137
113149
113204
113288
113387
113843
113853
114448
114466
114672
114708
114709
114713
114793
114978
115098
115127
115130
115253
115291
115294
115419
115475
115577
115630
115665
115676
115682
115686
115766
115816
115904
115984
116019
116048
116051
116063
116125
116141
116215
116268
116369
116391
116531
116657
116768
116774
116792
116798
116843
116958
116988
117045
117114
117132
117199
117211
117310
117373
117403
117427
117493
117613
117631
117733
118015
118393
118447
118522
118645
118705
118786
118813
118909
119017
119104
119287
119302
119344
119407
119605
119632
119725
119938
120004
120055
120100
120127
120217
120301
120651
120827
120832
120836
120838
120944
120948
120951
121086
121113
121121
121398
121452
121476
121479
121518
121581
122091
122094
122109
122340
122385
122435
122445
122451
122509
122528
122570
122597
122645
122702
122738
122816
122855
122897
124947
125028
125067
125106
125226
125274
125292
125343
125472
125493
125503
125541
126185
126203
126341
126735
126810
126819
126900
126945
126999
127038
127079
127122
127548
127620
127761
127866
129108
129477
129564
129681
129714
129720
129893
129926
130001
130034
130106
130151
130184
130235
130354
130615
130711
130914
130989
131088
131190
131248
131251
131285
131372
131603
131621
131657
131708
131765
131819
131936
131951
132413
132467
132650
132654
132695
132785
132878
132905
133088
133145
133148
134755
134797
134962
135016
135085
135277
135433
135658
135690
135995
136055
136254
138530
138539
138563
138587
138620
138647
138659
138779
138821
139262
139305
139532
